{
  "T_base_motive": [
    [
      -0.024020833903641847,
      0.0014290853333749909,
      -0.9997104367033905,
      0.933932862191944
    ],
    [
      -0.9997042941837853,
      0.0037514212724873985,
      0.02402604896640903,
      0.7845049358939366
    ],
    [
      0.003784670272773849,
      0.9999919422443095,
      0.0013385504772409629,
      -0.8241580340110467
    ],
    [
      0.0,
      0.0,
      0.0,
      1.0
    ]
  ],
  "T_align": [
    [
      -0.024020833903641847,
      0.0014290853333749909,
      -0.9997104367033905,
      0.933932862191944
    ],
    [
      -0.9997042941837853,
      0.0037514212724873985,
      0.02402604896640903,
      0.7845049358939366
    ],
    [
      0.003784670272773849,
      0.9999919422443095,
      0.0013385504772409629,
      -0.8241580340110467
    ],
    [
      0.0,
      0.0,
      0.0,
      1.0
    ]
  ],
  "convention": {
    "T_base_tcp": "^B T_TCP",
    "T_motive_rb": "^M T_RB",
    "T_base_motive": "^B T_M",
    "T_rb_tcp": "^RB T_TCP",
    "model": "T_base_tcp = T_base_motive @ T_motive_rb @ T_rb_tcp"
  },
  "T_rb_tcp": [
    [
      -0.004687246723186508,
      -0.9996599967451428,
      -0.02564996346305897,
      0.011624211330622887
    ],
    [
      -0.9999661287412793,
      0.004859134209715716,
      -0.00664305538967298,
      0.0014225406236977479
    ],
    [
      0.006765433344159355,
      0.02561795702690281,
      -0.9996489129636632,
      -0.008034085005355483
    ],
    [
      0.0,
      0.0,
      0.0,
      1.0
    ]
  ],
  "T_rigidbody_tcp": [
    [
      -0.004687246723186508,
      -0.9996599967451428,
      -0.02564996346305897,
      0.011624211330622887
    ],
    [
      -0.9999661287412793,
      0.004859134209715716,
      -0.00664305538967298,
      0.0014225406236977479
    ],
    [
      0.006765433344159355,
      0.02561795702690281,
      -0.9996489129636632,
      -0.008034085005355483
    ],
    [
      0.0,
      0.0,
      0.0,
      1.0
    ]
  ],
  "rb_to_tcp_offset_m": [
    0.011624211330622887,
    0.0014225406236977479,
    -0.008034085005355483
  ]
}