{
  "T_base_motive": [
    [
      -0.022465078507264202,
      0.0021232223297691366,
      -0.9997453736700165,
      0.9320160083693878
    ],
    [
      -0.9997374084333077,
      0.004473866425511286,
      0.02247440095443176,
      0.7850064066556242
    ],
    [
      0.004520445411277163,
      0.9999877381478961,
      0.002022159029011039,
      -0.8258455961799749
    ],
    [
      0.0,
      0.0,
      0.0,
      1.0
    ]
  ],
  "T_align": [
    [
      -0.022465078507264202,
      0.0021232223297691366,
      -0.9997453736700165,
      0.9320160083693878
    ],
    [
      -0.9997374084333077,
      0.004473866425511286,
      0.02247440095443176,
      0.7850064066556242
    ],
    [
      0.004520445411277163,
      0.9999877381478961,
      0.002022159029011039,
      -0.8258455961799749
    ],
    [
      0.0,
      0.0,
      0.0,
      1.0
    ]
  ],
  "convention": {
    "T_base_tcp": "^B T_TCP",
    "T_motive_rb": "^M T_RB",
    "T_base_motive": "^B T_M",
    "T_rb_tcp": "^RB T_TCP",
    "model": "T_base_tcp = T_base_motive @ T_motive_rb @ T_rb_tcp"
  },
  "T_rb_tcp": [
    [
      -0.005217481326947632,
      -0.9996661336570879,
      -0.025306108110353227,
      0.012684009686394259
    ],
    [
      -0.9999656162906498,
      0.005378816314002256,
      -0.006311463500756115,
      0.0009688017044631927
    ],
    [
      0.006445473222666909,
      0.025272308049525734,
      -0.9996598253009802,
      -0.008639037792892905
    ],
    [
      0.0,
      0.0,
      0.0,
      1.0
    ]
  ],
  "T_rigidbody_tcp": [
    [
      -0.005217481326947632,
      -0.9996661336570879,
      -0.025306108110353227,
      0.012684009686394259
    ],
    [
      -0.9999656162906498,
      0.005378816314002256,
      -0.006311463500756115,
      0.0009688017044631927
    ],
    [
      0.006445473222666909,
      0.025272308049525734,
      -0.9996598253009802,
      -0.008639037792892905
    ],
    [
      0.0,
      0.0,
      0.0,
      1.0
    ]
  ],
  "rb_to_tcp_offset_m": [
    0.012684009686394259,
    0.0009688017044631927,
    -0.008639037792892905
  ]
}