{
  "T_base_motive": [
    [
      -0.02036072738588346,
      -0.0008760060722767249,
      -0.9997923151303372,
      0.935470753690113
    ],
    [
      -0.9997850110248643,
      0.003939430428289703,
      0.020357126956251637,
      0.7870465286096087
    ],
    [
      0.003920779301367083,
      0.9999918567174746,
      -0.0009560274096354071,
      -0.8215011329525197
    ],
    [
      0.0,
      0.0,
      0.0,
      1.0
    ]
  ],
  "T_align": [
    [
      -0.02036072738588346,
      -0.0008760060722767249,
      -0.9997923151303372,
      0.935470753690113
    ],
    [
      -0.9997850110248643,
      0.003939430428289703,
      0.020357126956251637,
      0.7870465286096087
    ],
    [
      0.003920779301367083,
      0.9999918567174746,
      -0.0009560274096354071,
      -0.8215011329525197
    ],
    [
      0.0,
      0.0,
      0.0,
      1.0
    ]
  ],
  "convention": {
    "T_base_tcp": "^B T_TCP",
    "T_motive_rb": "^M T_RB",
    "T_base_motive": "^B T_M",
    "T_rb_tcp": "^RB T_TCP",
    "model": "T_base_tcp = T_base_motive @ T_motive_rb @ T_rb_tcp"
  },
  "T_rb_tcp": [
    [
      -0.005851961685733376,
      -0.9996269828588132,
      -0.02667676301603228,
      0.011462534864988437
    ],
    [
      -0.9999600367390444,
      0.006030050669416864,
      -0.006600258614127552,
      0.0021186149150038054
    ],
    [
      0.006758658837210871,
      0.026637072465064998,
      -0.9996223221303197,
      -0.007237286119616227
    ],
    [
      0.0,
      0.0,
      0.0,
      1.0
    ]
  ],
  "T_rigidbody_tcp": [
    [
      -0.005851961685733376,
      -0.9996269828588132,
      -0.02667676301603228,
      0.011462534864988437
    ],
    [
      -0.9999600367390444,
      0.006030050669416864,
      -0.006600258614127552,
      0.0021186149150038054
    ],
    [
      0.006758658837210871,
      0.026637072465064998,
      -0.9996223221303197,
      -0.007237286119616227
    ],
    [
      0.0,
      0.0,
      0.0,
      1.0
    ]
  ],
  "rb_to_tcp_offset_m": [
    0.011462534864988437,
    0.0021186149150038054,
    -0.007237286119616227
  ]
}