 [{'0': 
    {'DDA': [2.3223713146656193, 1.9296479981372772, 1.6550068337873944, -0.0, 1.5707963267948966, 0.0], 'RT1': [2.2277156781812746, 1.3928292078192694, 1.6550068337873944, 2.9670597283903604, -1.5707963267948966, 0.0], 'RT2': [2.417026951149964, 1.3928292078192694, 1.6550068337873944, -2.96705972839036, -1.5707963267948966, 0.0], '_rt_angle_of_rt_deg': 10.0, '_rt1_angle_input_deg': 10.0, '_rt2_angle_input_deg': -10.0, '_actual_deg': 0, '_preferred_rt': 'RT1', '_preferred_rt_angle_deg': 180.0, 'nearest_rt_reference_deg': 60.0, 'nearest_rt_deviation_deg': 120.0, 'requires_positioner_rotation': True, 'positioner_rotation_reason': 'not_assigned_to_direct_plus_minus_60'}, '120': {'DDA': [2.3223713146656193, 1.8136673745619603, 1.7219845609511868, 1.5707963267948966, -0.5235987755982991, 1.5707963267948966], 'RT1': [2.2277156781812746, 2.082076769720964, 1.2570858513069603, -1.7453292519943295, 0.5235987755982991, -1.5707963267948968], 'RT2': [2.417026951149964, 2.082076769720964, 1.2570858513069603, -1.3962634015954638, 0.5235987755982991, -1.570796326794897], '_rt_angle_of_rt_deg': 10.0, '_rt1_angle_input_deg': 10.0, '_rt2_angle_input_deg': -10.0, '_actual_deg': 120, '_preferred_rt': 'RT2', '_preferred_rt_angle_deg': -59.999999999999986, 'nearest_rt_reference_deg': -60.0, 'nearest_rt_deviation_deg': 0.0, 'requires_positioner_rotation': False, 'direct_rt_reference_deg': -60.0, 'direct_rt_deviation_deg': 0.0}, '240': {'DDA': [2.3223713146656193, 1.8136791249684165, 1.5880494589245935, -1.5707963267948966, -0.5235987755982991, -1.5707963267948966], 'RT1': [2.2277156781812746, 2.0820885201274204, 2.05294816856882, 1.3962634015954638, 0.5235987755982991, 1.570796326794897], 'RT2': [2.417026951149964, 2.0820885201274204, 2.05294816856882, 1.7453292519943295, 0.5235987755982991, 1.5707963267948968], '_rt_angle_of_rt_deg': 10.0, '_rt1_angle_input_deg': 10.0, '_rt2_angle_input_deg': -10.0, '_actual_deg': 240, '_preferred_rt': 'RT1',
    '_preferred_rt_angle_deg': 59.999999999999986, 
    'nearest_rt_reference_deg': 60.0, 
    'nearest_rt_deviation_deg': 0.0, 
    'requires_positioner_rotation': False, 
    'direct_rt_reference_deg': 60.0, 
    'direct_rt_deviation_deg': 0.0}}]